A |   -1.27  -3.47  -3.47   1.11  -3.47   1.08 
C |   -0.69   1.68  -2.89  -2.89  -2.89  -2.20 
G |   -2.20  -2.89  -2.89  -2.89   1.68  -2.20 
T |    0.92  -3.47   1.11  -3.47  -3.47  -2.77 
A |   -3.47  -3.47  -3.47  -3.47   0.71   0.00 
C |    1.68   1.68  -2.89  -2.89  -0.33   0.00 
G |   -2.89  -2.89   1.68   1.68   0.15   0.44 
T |   -3.47  -3.47  -3.47  -3.47  -3.47  -0.37 
A |   -3.47  -3.47   1.11  -3.47  -1.86  -3.47 
C |   -2.89  -2.89  -2.89   1.68  -2.89  -2.89 
G |   -2.89   1.62  -2.89  -2.89   1.64  -2.89 
T |    1.11  -1.52  -3.47  -3.47  -3.47   1.11 
A |    0.81  -1.16   1.11  -2.37  -3.47 
C |   -0.49  -2.20  -2.89  -2.89   1.60 
G |   -0.59   1.56  -2.89  -2.89  -1.79 
T |   -1.52  -2.77  -3.47   1.09  -1.52 
A |   -3.47  -3.47   1.11   0.84   0.39   1.11   0.95 
C |   -2.89  -2.89  -2.89  -2.89   0.28  -2.89  -2.89 
G |    1.68   1.68  -2.89  -2.89  -0.60  -2.89  -2.89 
T |   -3.47  -3.47  -3.47  -0.30  -0.53  -3.47  -0.76 
A |   -0.90  -3.47   1.11   1.11   1.11  -3.47   1.11 
C |   -2.89  -2.89  -2.89  -2.89  -2.89   1.68  -2.89 
G |    1.55  -2.89  -2.89  -2.89  -2.89  -2.89  -2.89 
T |   -3.47   1.11  -3.47  -3.47  -3.47  -3.47  -3.47 
A |   -3.47  -3.47   1.11  -3.47  -3.47   1.11 
C |    1.68  -2.89  -2.89  -2.89   1.68  -2.89 
G |   -2.89  -2.89  -2.89  -2.89  -2.89  -2.89 
T |   -3.47   1.11  -3.47   1.11  -3.47  -3.47 
A |   -3.47  -3.47  -3.47  -3.47  -3.47   0.43 
C |    1.66   1.68   1.68   1.55  -2.89  -1.50 
G |   -2.89  -2.89  -2.89  -2.89  -2.89  -0.18 
T |   -2.37  -3.47  -3.47  -0.90   1.11   0.00 
A |   -2.77  -3.47  -3.47  -1.86   0.59 
C |    1.65   1.68  -0.94  -2.89  -0.94 
G |   -2.20  -2.89   1.62   1.64   0.37 
T |   -2.77  -3.47  -3.47  -3.47  -1.27 
A |   -0.58  -3.47   1.11  -3.47   1.11   0.81  -2.08 
C |    0.77  -2.89  -2.89  -2.89  -2.89  -0.69   0.72 
G |   -2.20   1.68  -2.89  -2.89  -2.89  -2.89   1.17 
T |    0.25  -3.47  -3.47   1.11  -3.47  -0.58  -3.47 
A |   -0.17   0.72   1.07   1.11  -3.47   1.08   0.59 
C |   -0.81   0.58  -1.28  -2.89   1.55  -2.20  -0.06 
G |   -1.50  -2.89  -2.89  -2.89  -2.89  -2.20  -0.49 
T |    0.65  -3.47  -3.47  -3.47  -0.90  -2.77  -0.83 
A |   -1.67   0.50  -2.08  -3.47  -3.47   1.05   1.00   0.22 
C |    1.31  -2.89  -2.89  -2.89  -2.89  -2.89  -2.20  -0.81 
G |   -1.10   0.92  -2.89   1.68  -2.89  -2.89  -2.20  -0.81 
T |   -0.42  -3.47   1.08  -3.47   1.11  -1.52  -1.27   0.32 
A |   -0.47  -1.39  -3.47  -3.47  -3.47  -3.47  -3.47   0.73 
C |   -0.59   1.44   1.68  -2.89  -2.89  -2.89  -2.89  -0.82 
G |    1.20  -0.81  -2.89   1.68   1.68   1.68   1.68  -0.01 
T |   -1.16  -1.39  -3.47  -3.47  -3.47  -3.47  -3.47  -1.40 
A |   -3.47  -3.47  -3.47   1.11  -1.39   1.11  -0.90 
C |    1.68  -2.89  -2.89  -2.89  -0.81  -2.89  -1.10 
G |   -2.89   1.68   1.68  -2.89   1.53  -2.89  -1.10 
T |   -3.47  -3.47  -3.47  -3.47  -3.47  -3.47   0.85 
A |   -0.06  -3.47  -3.47   1.11  -3.47  -3.47  -3.47  -3.47  -0.76 
C |   -0.59  -2.89  -2.89  -2.89   1.68   1.68   1.68  -2.89  -0.18 
G |    1.02  -2.89  -2.89  -2.89  -2.89  -2.89  -2.89   1.19   1.12 
T |   -1.16   1.11   1.11  -3.47  -3.47  -3.47  -3.47   0.20  -0.76 
A |   -3.47  -1.86  -3.47  -3.47  -3.47  -3.47   0.56 
C |    1.64   1.64   1.68   1.68  -2.89  -2.89  -0.81 
G |   -2.89  -2.89  -2.89  -2.89  -2.89   1.64   0.25 
T |   -1.86  -3.47  -3.47  -3.47   1.11  -1.86  -0.90 
A |   -3.47  -3.47  -3.47  -3.47  -1.67 
C |    1.61  -2.89   1.68  -2.89   1.13 
G |   -1.28   1.68  -2.89   1.68   0.00 
T |   -2.08  -3.47  -3.47  -3.47  -0.47 
A |   -0.76  -3.47  -3.47  -3.47  -3.47  -3.47  -3.47 
C |    0.75   1.61  -0.81   1.61  -2.89   1.53   0.51 
G |    0.94  -0.81   1.61  -0.81   1.68  -0.18   1.33 
T |   -3.47  -3.47  -3.47  -3.47  -3.47  -3.47  -3.47 
A |   -3.47  -3.47  -3.47  -3.47  -0.52  -1.86   0.45 
C |    1.68   1.68   1.68   1.68  -1.50   1.55  -0.59 
G |   -2.89  -2.89  -2.89  -2.89   1.08  -1.28  -0.59 
T |   -3.47  -3.47  -3.47  -3.47  -0.29  -1.86  -0.06 
A |   -3.47  -3.47   1.11   1.11   1.11  -3.47   0.92 
C |   -2.89  -2.89  -2.89  -2.89  -2.89   1.68  -1.79 
G |   -2.89   1.68  -2.89  -2.89  -2.89  -2.89  -0.25 
T |    1.11  -3.47  -3.47  -3.47  -3.47  -3.47  -2.37 
A |   -3.47   1.11  -3.47  -3.47  -3.47  -3.47 
C |   -2.89  -2.89  -2.89   1.68  -2.89   1.25 
G |   -2.89  -2.89   1.68  -2.89   1.68   0.00 
T |    1.11  -3.47  -3.47  -3.47  -3.47  -0.58 
A |   -0.52   0.22  -3.47   1.11  -3.47  -3.47  -3.47  -3.47 
C |   -0.49   0.48  -2.89  -2.89  -2.89   1.68  -2.89   1.39 
G |    1.12   0.29  -2.89  -2.89   1.68  -2.89   1.68  -0.06 
T |   -0.76  -1.52   1.11  -3.47  -3.47  -3.47  -3.47  -1.16 
A |   -1.39  -3.47  -3.47  -3.47  -3.47  -3.47  -2.08 
C |   -0.81  -2.89   1.68  -2.89  -2.89  -2.89  -1.50 
G |    0.25   1.68  -2.89  -2.89   1.68   1.68   0.41 
T |    0.65  -3.47  -3.47   1.11  -3.47  -3.47   0.71 
A |   -3.47  -3.47  -3.47  -3.47   1.11   0.69 
C |   -0.12  -2.89  -2.89   1.68  -2.89  -0.94 
G |   -2.89   1.68  -2.89  -2.89  -2.89  -0.94 
T |    0.94  -3.47   1.11  -3.47  -3.47  -0.37 
A |    1.11  -0.47  -3.47  -3.47  -3.47 
C |   -2.89  -2.89  -2.89  -2.89  -2.89 
G |   -2.89   1.47   1.68   1.68   1.68 
T |   -3.47  -3.47  -3.47  -3.47  -3.47 
A |   -3.47  -3.47  -3.47  -3.47  -3.47   0.61  -0.42 
C |    1.67   1.60   1.68   1.68  -2.89  -2.89  -2.89 
G |   -2.89  -2.89  -2.89  -2.89  -2.89  -0.81  -1.50 
T |   -2.77  -1.27  -3.47  -3.47   1.11   0.00   0.84 
A |   -2.77  -3.47  -3.47  -3.47  -3.47   0.75 
C |   -0.06   1.44   1.68  -2.89  -2.89   0.51 
G |   -0.59  -0.18  -2.89   1.68   1.68  -2.89 
T |    0.80  -1.39  -3.47  -3.47  -3.47  -3.47 
A |   -3.47  -3.47  -3.47   1.08  -2.08  -0.33  -0.17 
C |    1.68  -2.89  -2.89  -2.89  -0.25  -2.20  -1.28 
G |   -2.89   1.68   1.68  -1.50   1.50  -1.28  -1.28 
T |   -3.47  -3.47  -3.47  -3.47  -3.47   0.78   0.68 
A |   -1.40  -3.47  -3.47  -3.47   1.11  -1.16   1.01   0.00 
C |   -0.82   1.68  -2.89  -2.89  -2.89  -2.89  -2.89  -1.79 
G |   -0.01  -2.89   1.68   1.68  -2.89   1.48  -2.89  -1.79 
T |    0.73  -3.47  -3.47  -3.47  -3.47  -1.16  -1.16   0.66 
A |   -3.47  -3.47   1.11   1.11  -3.47  -3.47   0.65   0.54 
C |    0.33  -2.89  -2.89  -2.89  -2.89  -2.89  -1.79  -0.33 
G |   -0.94  -2.89  -2.89  -2.89  -2.89  -2.89  -0.18  -0.33 
T |    0.74   1.11  -3.47  -3.47   1.11   1.11  -0.42  -0.52 
A |   -0.76  -3.47  -3.47  -3.47   1.11  -3.47 
C |    1.27   1.68   1.68   1.68  -2.89   1.68 
G |   -2.89  -2.89  -2.89  -2.89  -2.89  -2.89 
T |   -0.48  -3.47  -3.47  -3.47  -3.47  -3.47 
A |    0.63  -0.03  -0.63  -0.29  -0.63  -0.98  -3.47  -3.47  -2.37 
C |   -2.89  -2.89  -2.89  -1.50   0.89   0.58   1.62   1.68  -2.89 
G |    0.37  -2.89  -2.89  -2.20  -0.49  -0.94  -0.94  -2.89   1.62 
T |   -0.90   0.74   0.93   0.78  -0.13   0.43  -3.47  -3.47  -1.86 
A |    1.06   0.08  -0.63   1.11  -3.47  -3.47  -0.42   0.12   0.36  -3.47  -2.77  -3.47   0.99  -3.47  -1.67   0.19   0.38 
C |   -2.89   1.23   0.20  -2.89  -2.89  -2.89  -0.33  -2.89  -0.33   0.05   0.88   1.66  -2.89   1.68   1.10  -2.89  -1.50 
G |   -1.10  -2.20  -0.12  -2.89   1.67  -2.20   1.28   1.13  -1.50   0.61  -0.70  -2.89  -0.41  -2.89   0.69   1.18   0.66 
T |   -3.47  -2.77   0.34  -3.47  -2.77   1.10  -3.47  -1.52   0.15   0.38   0.35  -2.37  -3.47  -3.47  -2.08  -2.77  -0.83 
A |    0.58  -1.67  -1.86  -3.47   0.49   0.98  -0.07  -3.47  -3.47  -2.77  -2.77  -2.37   0.46 
C |    0.53  -2.89  -0.49   1.58  -2.89  -2.89   1.18   1.68   0.14  -0.13  -2.89   1.16   0.63 
G |   -2.20  -0.18   1.49  -1.79   0.87  -0.96  -0.60  -2.89  -2.89   1.44  -0.81  -0.68  -2.89 
T |   -1.17   0.89  -2.08  -1.28  -2.08  -1.53  -2.77  -3.47   0.88  -1.69   1.02  -0.05  -0.76 
A |    0.21   0.15  -1.27  -2.08  -3.47   1.11  -3.47  -2.37  -3.47 
C |   -1.08  -0.33  -1.10  -2.89   1.61  -2.89   1.68   1.66   1.48 
G |   -0.40  -0.49   0.05   1.65  -2.89  -2.89  -2.89  -2.89  -2.89 
T |    0.28   0.20   0.72  -3.47  -1.40  -3.47  -3.47  -3.47  -0.52 
A |   -2.37   0.44  -3.47  -3.47  -3.47  -1.39   0.79  -3.47  -3.47  -2.77  -1.06  -0.76 
C |   -2.89   0.91  -2.89   1.67  -2.89  -2.89  -2.89  -2.89   1.68  -2.89   1.16   1.37 
G |   -0.59  -1.28  -0.49  -2.20  -2.89  -2.89   0.24  -2.89  -2.89  -2.89   0.42  -0.33 
T |    0.99  -3.47   1.00  -3.47   1.11   1.03  -1.69   1.11  -3.47   1.10  -2.08  -3.47 
A |   -3.47  -1.84   0.88   1.10   1.06   0.25  -2.77  -3.47  -3.47  -3.47  -3.47  -3.47   0.43  -1.86 
C |    1.35   0.34  -2.89  -2.89  -1.10   1.00  -0.82   0.52  -2.89   1.68  -2.89   1.37  -0.81   0.48 
G |    0.32   1.34  -2.89  -2.20  -2.89  -2.89   0.79   0.62   1.68  -2.89   1.67  -0.25  -1.79   1.08 
T |   -1.86  -3.47  -0.42  -3.47  -3.47  -1.27   0.46   0.10  -3.47  -3.47  -2.77  -0.83   0.22  -0.90 
A |    0.46   0.61  -2.77   1.10   1.11  -3.47  -3.47  -3.47 
C |   -2.89  -0.81  -2.89  -2.20  -2.89  -2.89  -2.89   0.84 
G |    0.86   0.58   1.67  -2.89  -2.89  -2.89   1.53  -0.82 
T |   -1.69  -3.47  -3.47  -3.47  -3.47   1.11  -0.76   0.44 
A |   -0.90  -2.08   0.84   0.95   1.11  -3.47   1.02   0.54  -0.47 
C |   -2.89  -1.79   0.29  -0.18  -2.89   1.49  -1.50  -0.59  -0.06 
G |    1.55  -1.79  -2.89  -2.89  -2.89  -2.89  -1.10  -0.41   1.10 
T |   -3.47   1.03  -3.47  -3.47  -3.47  -0.59  -3.47  -0.33  -1.27 
A |   -0.06  -2.37  -3.47   0.95  -2.08  -3.47   0.19  -3.47   1.06  -1.86  -0.13   0.05 
C |    1.33  -1.50  -2.89  -2.89   1.59   1.64   1.19   1.68  -2.89   1.64  -2.89  -0.33 
G |   -2.89  -1.79  -0.25  -1.50  -0.96  -1.26  -2.89  -2.89  -1.10  -2.89   1.36   1.07 
T |   -3.47   1.03   0.97  -0.98  -3.47  -3.47  -3.47  -3.47  -3.47  -3.47  -3.47  -3.47 
A |   -0.53  -1.86  -0.83  -1.27  -2.08   0.29   1.05   0.32  -3.47  -1.16 
C |    0.28  -2.89  -2.89  -2.89   1.61  -2.89  -0.94  -0.12   0.57   1.45 
G |    1.11   1.49  -0.70  -2.89  -1.28   1.12  -2.89  -0.06  -2.20  -0.59 
T |   -2.37  -0.83   0.87   1.02  -3.47  -3.47  -3.47  -0.33   0.71  -2.37 
A |   -3.47  -0.58  -3.47   1.10   1.11  -0.06   0.15  -1.86  -1.67  -2.37   0.36  -0.63  -3.47  -3.47  -3.47   0.12   0.50  -0.99 
C |    0.66   0.64   1.68  -2.89  -2.89  -2.89   0.54   1.50   0.44   1.40   1.02  -2.89  -2.89   1.68   1.67  -0.59  -2.89  -2.89 
G |    0.86   0.05  -2.89  -2.20  -2.89  -0.69  -2.20  -0.33   0.69  -0.33  -2.89   1.20   1.68  -2.89  -2.89  -1.79   0.64   0.86 
T |   -0.38  -0.10  -3.47  -3.47  -3.47   0.63  -0.06  -3.47  -0.06  -1.07  -2.37  -0.37  -3.47  -3.47  -2.77   0.47  -0.98   0.33 
A |   -1.86  -3.47   0.57   1.11   1.08  -3.47  -3.47   0.09  -3.47  -3.47  -3.47  -0.10  -1.39  -3.47 
C |   -2.89  -2.89  -2.89  -2.89  -2.20  -2.89   0.66   0.61   1.68  -2.89   1.60  -2.89  -2.89  -2.89 
G |   -2.89  -0.60   0.84  -2.89  -2.89   1.68  -2.89  -2.89  -2.89  -2.89  -2.89   0.98   0.25   1.49 
T |    1.07   1.01  -3.47  -3.47  -2.37  -3.47   0.68  -0.03  -3.47   1.11  -1.27  -0.37   0.75  -0.58 
A |   -3.47  -3.47   0.09  -3.47  -2.77   1.11  -1.17   0.44  -3.47  -3.47   0.49  -1.53  -2.08 
C |    1.59   1.38   1.19   1.68  -2.89  -2.89   1.47  -2.89   1.68  -2.89  -1.10   0.63   1.45 
G |   -0.59   0.39  -2.89  -2.89   1.67  -2.89  -0.50   0.99  -2.89   1.68   0.82   1.18  -0.94 
T |   -3.47  -3.47  -1.86  -3.47  -3.47  -3.47  -3.47  -3.47  -3.47  -3.47  -3.47  -3.47  -0.98 
A |   -3.47   1.02  -3.47  -3.47  -0.06  -0.99   1.02  -2.08  -3.47   0.81  -2.37   1.05 
C |   -0.25  -2.89  -1.50   1.40  -2.89  -2.20  -0.94  -2.89  -0.13  -0.68  -2.89  -2.89 
G |    1.54  -1.50  -2.89   0.32   1.33   0.36  -1.79  -2.89   1.52  -0.17  -0.81  -2.89 
T |   -3.47  -1.67   1.08  -3.47  -3.47   0.64  -3.47   1.08  -3.47  -2.08   1.01  -1.53 
A |    0.49   0.50  -0.29  -0.90  -3.47  -3.47  -3.47   0.03  -3.47   0.64  -0.63  -1.39 
C |   -0.49  -0.18  -2.20  -2.89   0.74   1.68   0.75   1.00  -2.89  -0.48   1.17   1.36 
G |    0.37   0.29   1.30   1.55   0.39  -2.89   0.44  -0.06   1.67   0.30  -2.89  -0.06 
T |   -1.07  -1.39  -1.39  -3.47   0.08  -3.47   0.03  -3.47  -2.77  -2.08  -0.29  -1.86 
A |    0.65  -3.47  -3.47  -2.77   1.09  -3.47  -3.47  -3.47  -3.47  -3.47  -2.08  -3.47 
C |   -2.89   0.76  -0.19  -2.89  -2.89   1.68   1.66  -2.89  -1.50  -0.01  -2.89   0.92 
G |    0.72  -2.89  -2.89   1.67  -2.89  -2.89  -2.89  -2.89   1.65   1.42  -2.89   0.37 
T |   -3.47   0.62   0.96  -3.47  -2.37  -3.47  -2.37   1.11  -3.47  -1.53   1.08  -0.13 
A |   -3.47  -3.47  -0.28   1.10  -1.28  -0.98   0.24  -0.98   0.06   0.50  -2.08  -0.59 
C |   -0.96  -1.28  -2.20  -2.89   1.32  -2.89  -2.89  -2.89  -0.41   0.68   1.48   1.32 
G |   -1.28  -0.49   1.40  -2.20  -2.89  -0.18  -0.82   1.56   0.48  -0.70  -2.89  -0.50 
T |    1.00   0.95  -3.47  -3.47  -0.34   0.81   0.46  -3.47  -0.25  -2.37  -0.71  -2.08 
A |   -3.47  -1.86  -2.37  -3.47  -3.47   0.98  -0.76  -0.06   0.93  -0.10 
C |   -0.25   1.25  -2.89   1.68  -2.89  -2.89  -2.89  -2.89  -0.12  -0.81 
G |    1.34  -2.89  -2.89  -2.89   1.68  -2.89   1.53   1.33  -2.89  -1.79 
T |   -0.69  -0.03   1.09  -3.47  -3.47  -0.90  -3.47  -3.47  -2.77   0.63 
A |   -0.52  -0.10  -3.47  -3.47  -3.47  -3.47  -3.47  -0.58 
C |    0.41  -1.79  -2.89  -2.89  -2.20  -2.89   0.76   0.29 
G |    0.72   1.20   1.68   1.68  -2.89   1.68  -2.89   0.75 
T |   -0.63  -1.39  -3.47  -3.47   1.10  -3.47   0.62  -0.47 
A |    0.30  -0.17  -1.28   0.43  -2.08  -2.37  -3.47   0.54 
C |   -0.25  -1.10   1.09  -1.10  -0.41  -2.89  -1.10  -0.06 
G |    0.51   0.25  -1.50   0.82  -1.10   1.66  -2.89  -2.89 
T |   -0.90   0.32   0.05  -2.08   0.89  -3.47   1.06  -0.17 
A |    0.12  -0.69  -2.77   1.10  -3.47   0.96  -0.98   0.01 
C |   -0.41  -2.89  -2.89  -2.20   1.67  -2.20  -0.59  -0.58 
G |    0.20   1.45   1.64  -2.89  -2.89  -1.50  -2.89  -0.17 
T |   -0.06  -1.67  -2.08  -3.47  -2.77  -1.08   0.88   0.28 
A |   -3.47  -3.47  -0.47  -1.86  -3.47   0.20   0.93  -3.47 
C |   -2.89  -2.89  -1.10   1.36   0.95   0.72  -1.79  -2.89 
G |    1.68   1.68  -0.81  -2.89   0.39  -0.94  -0.18   1.68 
T |   -3.47  -3.47   0.72  -0.29  -0.22  -0.63  -3.47  -3.47 
A |    1.09  -3.47   1.09   1.10  -1.07   0.55  -0.21  -0.23 
C |   -2.89   1.59  -2.20  -2.89  -2.89  -0.58   0.44   0.62 
G |   -2.89  -1.10  -2.89  -2.89  -2.89   0.21   0.77   0.45 
T |   -2.37  -1.86  -2.77  -2.77   1.00  -0.97  -1.52  -0.89 
A |   -3.28   1.10  -3.28   1.10   1.10 
C |   -2.71  -2.71  -2.71  -2.71  -2.71 
G |    1.68  -2.71  -2.71  -2.71  -2.71 
T |   -3.28  -3.28   1.10  -3.28  -3.28 
A |   -3.20   1.05  -3.28   0.90   1.08  -2.27   0.75  -0.12   0.57 
C |   -2.30  -2.42  -2.71  -3.58  -3.81  -0.77  -0.17  -0.67  -0.62 
G |    1.68  -0.99  -4.50  -1.17  -1.30   1.56  -0.22  -0.31  -0.18 
T |   -3.82  -3.82   1.11  -0.75  -3.98  -2.55  -2.63   0.43  -0.53 
A |   -0.14   0.11  -1.76  -2.08   1.04   1.03  -1.42  -0.90   1.04 
C |   -0.56   0.32   1.55   1.34  -2.01  -1.70  -1.03   1.21  -1.97 
G |    1.08   0.54  -1.48  -0.03  -1.56  -2.06  -0.93  -0.08  -1.50 
T |   -1.31  -1.33  -1.82  -1.18  -2.40  -1.90   0.90  -1.17  -2.37 
A |    0.78   0.91   0.78   1.03   0.63   0.21  -5.77  -5.77  -5.77  -5.77  -1.13  -5.77  -5.77  -1.19  -1.15 
C |   -5.19   0.11   0.12  -5.19  -5.19   0.52  -5.19  -5.19  -5.19   0.08  -0.58   0.80  -5.19   1.02   1.20 
G |    0.52  -4.50  -0.58  -0.59  -5.19   0.51  -5.19   1.71   0.49   1.50   1.49  -5.19   1.71   0.51  -5.19 
T |   -5.77  -5.77  -5.77  -5.77   0.21  -5.77   1.14  -5.77   0.79  -5.77  -5.77   0.62  -5.77  -1.15  -0.06 
A |    0.76   0.16  -5.77   0.45   1.00   0.44  -5.77   0.67   0.85   0.56   1.14   1.07 
C |   -5.19  -5.19  -5.19   0.33  -1.05  -5.19   1.71  -1.05  -5.19   0.55  -5.19  -5.19 
G |   -5.19   1.14   1.71  -5.19  -1.05  -5.19  -5.19   0.55  -5.19  -5.19  -5.19  -5.19 
T |   -0.03  -1.63  -5.77  -0.25  -5.77   0.44  -5.77  -5.77  -0.25  -0.94  -5.77  -1.63 
A |    0.76   1.05  -5.77  -5.77  -2.51  -5.77  -5.77  -5.77  -0.42 
C |    0.02  -5.19  -5.19  -5.19  -5.19  -5.19   1.07  -0.31  -5.19 
G |   -5.19  -0.82   1.69   1.71   1.48   1.71   0.28   1.44   1.33 
T |   -0.89  -5.77  -2.51  -5.77  -0.55  -5.77  -0.30  -1.11  -1.11 
A |    0.42   1.10  -3.28  -3.28  -3.28  -3.28  -0.25 
C |    1.00  -2.71  -2.71  -2.71  -2.71  -2.71   0.33 
G |   -2.71  -2.71   1.68   1.68   1.68   1.68   0.33 
T |   -3.28  -3.28  -3.28  -3.28  -3.28  -3.28  -0.25 
A |   -0.81  -0.54  -0.42  -2.77  -3.98  -0.28   0.76   0.99   0.31  -0.69  -0.02  -2.05  -2.82 
C |   -0.44  -0.79  -0.14   1.62   1.68   0.64  -0.70  -3.58  -2.63   0.20  -0.28  -4.09  -2.01 
G |   -0.82  -0.14  -0.33  -1.36  -3.25  -0.22   0.09  -3.11  -3.58   0.13   0.68   1.66   1.65 
T |    0.73   0.59   0.45  -2.63  -2.77  -0.17  -2.27  -0.94   0.54   0.26  -0.50  -3.98  -2.77 
A |   -3.28  -3.28  -3.28  -3.28   1.10   1.10  -3.28 
C |   -2.71  -2.71   1.68   1.68  -2.71  -2.71  -2.71 
G |   -2.71   1.68  -2.71  -2.71  -2.71  -2.71   1.68 
T |    1.10  -3.28  -3.28  -3.28  -3.28  -3.28  -3.28 
A |   -1.35  -2.21  -2.08   0.98  -2.16  -0.74   0.24   0.56 
C |    0.05  -3.58   1.66  -3.58  -0.81   0.26   0.17  -0.39 
G |   -0.51   1.66  -3.58  -0.30   1.42   1.03   0.10  -0.14 
T |    0.66  -3.13  -3.69  -3.69  -0.83  -1.06  -0.56  -0.67 
A |   -1.74   0.26  -0.65  -2.44  -1.05   0.60  -5.77  -1.74  -1.05   1.14   0.33 
C |    1.07   1.17  -5.19  -5.19  -5.19   0.61  -5.19   0.69  -0.26  -5.19  -0.27 
G |   -5.19  -5.19  -1.17   1.66  -5.19  -1.86  -0.26  -5.19  -0.48  -5.19  -5.19 
T |    0.26  -5.77   0.89  -2.44   1.02  -1.74   0.99   0.60   0.69  -5.77   0.26 
A |    0.52   0.62   0.76  -2.01  -1.64  -1.39  -0.88   0.99   0.84   0.56 
C |    0.10  -2.71  -1.28   1.51  -2.25   1.58   0.30  -1.86  -0.80  -0.52 
G |    0.24   0.56  -0.46  -1.19   1.61  -2.20   1.11  -0.70  -0.86  -0.60 
T |   -2.27  -1.44  -0.74  -1.26  -3.13  -2.59  -1.44  -2.68  -1.12  -0.30 
A |   -2.03  -2.08  -1.71   0.10  -1.98  -0.95  -3.06   1.06  -0.66   0.57 
C |    1.60  -1.05  -3.58  -0.77   0.35  -1.17  -3.11  -3.58  -0.81  -1.05 
G |   -3.58   1.59   1.64  -0.73   1.31  -2.15  -1.67  -3.58  -1.50  -0.06 
T |   -1.66  -3.47  -3.69   0.40  -2.27   0.92   1.08  -1.63   0.80  -0.47 
A |   -1.19  -1.98  -2.72  -3.57  -1.52  -1.31  -0.48  -0.18  -0.86  -1.27 
C |   -0.24   1.40   0.80  -1.93   0.54  -0.09   0.65   0.98   0.38  -1.83 
G |    1.23   0.01   1.15   1.67   1.18   1.36   0.59   0.01   1.11   1.55 
T |   -0.80  -1.98  -3.57  -3.57  -2.10  -1.82  -0.88  -1.48  -1.73  -2.24 
A |    1.00  -5.77  -1.35  -0.65  -0.43  -5.77  -0.43  -0.43  -2.03   0.04  -5.77  -0.09 
C |   -0.77  -5.19  -5.19  -5.19  -5.19   1.67  -0.36  -0.77   1.58  -5.19  -5.19  -0.07 
G |   -5.19  -5.19  -5.19  -5.19  -5.19  -5.19  -0.77  -0.77  -5.19  -0.36  -5.19  -5.19 
T |   -2.03   1.14   1.05   0.95   0.90  -2.03   0.60   0.67  -1.35   0.53   1.14   0.52 
A |    1.00   0.91  -3.37  -3.37   0.91   1.11   1.11   0.23  -3.37   0.23   1.11 
C |   -3.25  -3.25  -3.25  -3.25  -3.25  -3.25  -3.25   0.21  -3.25  -3.25  -3.25 
G |   -0.46  -3.25   1.10   1.69   0.03  -3.25  -3.25   0.03   1.23  -3.25  -3.25 
T |   -3.37  -0.52   0.32  -3.37  -3.37  -3.37  -3.37  -0.52   0.14   0.60  -3.37 
A |    1.14  -5.77  -5.77  -5.77  -5.77   0.22   1.14   1.14  -5.77  -5.77  -5.77  -1.59   0.22  -5.77 
C |   -5.19   1.71   1.71   1.49  -5.19   0.80  -5.19  -5.19  -5.19  -5.19  -5.19   0.27   0.11  -5.19 
G |   -5.19  -5.19  -5.19  -5.19  -5.19  -5.19  -5.19  -5.19   1.71   1.71  -5.19  -1.64   0.80  -5.19 
T |   -5.77  -5.77  -5.77  -0.47   1.14  -0.47  -5.77  -5.77  -5.77  -5.77   1.14   0.73  -5.77   1.14 
A |   -0.33   0.75  -3.98  -2.82   0.95  -5.08  -1.78   0.21  -0.72   0.26  -0.36   1.12  -5.08  -3.28   0.36 
C |   -0.31  -2.36  -2.71   1.69  -3.81   1.14  -0.47  -0.12   0.06  -0.35   0.39  -3.11   1.70  -3.81  -0.54 
G |   -0.41   0.49  -3.81  -3.81  -0.12  -5.19  -1.12  -0.60  -1.32   0.41  -0.44  -2.89  -3.11   1.70   0.10 
T |    0.48  -3.47   1.12  -5.08  -3.98   0.30   0.88   0.08   0.64  -0.54   0.21  -5.08  -3.69  -5.08  -0.30 
A |    0.84   0.83  -5.77  -2.40   0.54  -0.16  -1.05   0.63 
C |   -0.37  -1.73   1.50   1.53   0.70  -1.79   1.07   0.63 
G |   -0.31   0.10  -1.90  -5.19  -2.36   1.28  -1.00  -2.36 
T |   -5.77  -2.13  -0.64  -0.84  -1.46  -1.86  -0.07  -2.01 
A |   -0.06  -2.08  -1.39   1.11  -3.47  -3.47  -3.47   0.00 
C |   -1.10  -2.89  -2.89  -2.89   1.68  -2.89   1.68   0.58 
G |    0.85  -2.20   1.61  -2.89  -2.89  -2.89  -2.89  -2.20 
T |   -0.37   1.07  -3.47  -3.47  -3.47   1.11  -3.47   0.06 
A |   -5.77  -5.77   0.20   0.16   0.93  -3.98  -0.36   0.46  -5.77  -3.06 
C |    1.40   1.67  -0.81   0.05  -5.19  -1.32   1.03  -4.50  -1.58  -4.50 
G |   -1.53  -5.19   0.91   0.64   0.05  -1.58  -1.58   0.55   1.53   1.55 
T |   -0.33  -2.13  -1.36  -1.24  -5.77   1.04  -0.30  -0.56  -0.87  -0.89 
A |   -3.13   0.04  -5.77  -5.77  -2.47  -0.58  -3.13  -1.06  -1.53  -1.53  -5.77  -0.74  -0.31  -0.25  -3.13  -5.77  -1.76  -2.03 
C |    0.18  -1.03  -5.19  -5.19  -2.48   1.12  -3.25  -2.48  -0.61   0.01   0.84   1.45  -2.48  -5.19   0.51  -0.36  -3.25   1.10 
G |   -3.25  -2.10  -1.46  -5.19   0.21  -1.30   0.18   0.01  -2.48  -2.48  -5.19  -2.48   0.01   1.02  -3.25   0.48   0.18  -5.19 
T |    0.87   0.60   1.09   1.14   0.83  -0.37   0.87   0.77   0.94   0.83   0.60  -1.53   0.58  -0.25   0.75   0.60   0.81   0.26 
A |   -0.27  -2.40  -3.37   1.12  -4.38  -2.88  -2.94  -5.77 
C |   -4.50  -4.09   1.69  -5.19   1.65  -2.30  -3.11  -3.25 
G |    1.41  -0.80  -3.58  -2.71  -3.40   1.68  -3.81   1.70 
T |   -3.00   1.02  -3.98  -5.08  -1.82  -4.67   1.11  -3.69 
A |   -5.77  -5.77  -1.74   0.70  -0.55  -0.48   0.58  -0.81   0.69  -1.01  -1.71  -1.67  -2.37  -0.54  -5.77  -5.77  -5.77   0.58 
C |    1.65  -2.48  -1.41  -0.36   0.86  -0.24  -0.93   1.15  -5.19   0.71   0.09   0.01   1.31   0.86   1.70   1.71  -5.19  -0.64 
G |   -5.19   1.70   1.59  -0.58   0.73   0.03   0.51   0.19  -2.48   0.56  -5.19   0.96   0.15   0.04  -2.48  -5.19   1.67  -0.01 
T |   -1.73  -5.77  -3.06  -0.89  -3.06   0.39  -1.74  -1.51   0.07  -0.47   0.85  -0.11  -1.27  -0.47  -5.77  -5.77  -2.03  -0.72 
A |    0.98  -5.08   0.83   0.85  -0.63   0.93  -5.77  -2.82 
C |   -2.36  -4.50  -1.32  -1.10   1.29  -5.19  -3.00  -5.19 
G |   -5.19  -5.19  -3.81  -0.43  -0.11  -5.19  -5.19   1.69 
T |   -0.92   1.13  -0.39  -1.48  -3.13  -0.55   1.13  -5.77 
A |   -0.41  -5.77  -1.36  -5.77  -5.77  -5.77   0.16 
C |   -0.32   1.71  -5.19  -5.19   1.64   1.68   0.09 
G |    1.10  -5.19  -2.42  -5.19  -5.19  -2.42  -1.70 
T |   -1.02  -5.77   1.04   1.14  -1.58  -3.00   0.21 
A |   -0.76   1.14  -5.77  -5.77   0.96   1.13 
C |   -5.19  -5.19   1.41   1.69  -3.00  -5.19 
G |   -5.19  -5.19  -1.61  -5.19  -0.16  -2.89 
T |    0.97  -5.77  -0.33  -2.63  -5.77  -5.77 
A |    0.91  -1.26  -0.74   0.53  -5.77   1.10  -5.77  -5.77  -0.74   1.03 
C |   -5.19  -5.19  -5.19   0.83   1.71  -5.19   1.71  -5.19  -5.19  -5.19 
G |   -5.19   1.01   1.55  -5.19  -5.19  -5.19  -5.19   1.71  -5.19  -5.19 
T |   -0.45   0.26  -5.77  -1.98  -5.77  -2.08  -5.77  -5.77   0.97  -1.13 
A |   -5.77  -1.80   0.97   1.14  -5.77  -0.81   0.91   0.11 
C |    1.59   1.66  -5.19  -5.19  -1.05   0.50  -5.19  -0.09 
G |   -5.19  -5.19  -0.60  -5.19  -1.17   0.71  -0.57   0.73 
T |   -1.01  -5.77  -1.78  -5.77   1.01  -0.49  -1.13  -1.13 
A |   -5.77  -2.88  -5.77  -5.77  -5.77  -5.77   1.14  -1.00 
C |    1.71   1.45  -5.19   1.71   1.25  -5.19  -5.19  -5.19 
G |   -5.19   0.16   1.71  -5.19   0.36   1.71  -5.19   1.59 
T |   -5.77  -5.77  -5.77  -5.77  -1.06  -5.77  -5.77  -5.77 
A |    1.14   0.86   0.30  -0.53   0.17   0.16  -0.53   0.86   0.86  -5.77  -5.77  -0.53  -1.74  -5.77  -5.77 
C |   -5.19  -5.19  -5.19   1.43   1.24  -5.19  -5.19  -5.19  -5.19  -5.19   1.71  -5.19  -5.19  -5.19  -5.19 
G |   -5.19  -5.19   0.74  -5.19  -5.19   1.24   1.15   0.30  -5.19   1.71  -5.19   1.50   1.66   0.74   1.50 
T |   -5.77  -0.27  -0.53  -1.76  -5.77  -5.77  -0.27  -5.77  -0.27  -5.77  -5.77  -5.77  -5.77   0.66  -0.53 
A |   -3.28  -4.38  -0.74  -4.16   1.13   1.13 
C |   -5.19  -5.19   1.54  -5.19  -5.19  -5.19 
G |   -5.19  -5.19  -5.19   1.54  -5.19  -5.19 
T |    1.13   1.13  -4.16  -0.74  -4.38  -3.28 
A |    0.42  -3.28   1.10  -3.28   1.10   1.10  -3.28 
C |   -2.71   1.68  -2.71   1.68  -2.71  -2.71  -2.71 
G |    1.00  -2.71  -2.71  -2.71  -2.71  -2.71  -2.71 
T |   -3.28  -3.28  -3.28  -3.28  -3.28  -3.28   1.10 
A |    0.47   1.05   0.76  -2.40  -5.77  -5.77  -5.77  -5.77  -5.77  -5.77 
C |    0.56  -5.19  -5.19   1.25  -5.19  -5.19  -5.19  -5.19  -5.19   1.62 
G |   -1.83  -5.19   0.11  -0.05  -5.19   1.71  -5.19   1.71   1.71  -5.19 
T |   -0.81  -1.31  -1.03  -0.63   1.14  -5.77   1.14  -5.77  -5.77  -1.31 
A |    0.03   1.10  -3.28  -3.28  -3.28   1.10 
C |    0.60  -2.71  -2.71  -2.71   1.00  -2.71 
G |   -2.71  -2.71   1.68   1.68  -2.71  -2.71 
T |    0.03  -3.28  -3.28  -3.28   0.42  -3.28 
A |   -0.86  -1.82  -2.77  -4.67  -4.67  -0.58   0.93   1.05   0.30   0.74   0.70 
C |    1.36   1.27  -4.50   1.64   1.69  -4.50  -4.50  -1.32  -4.50  -0.49  -0.88 
G |   -1.05  -0.07   1.61  -1.03  -4.50   1.36   0.03  -1.76  -1.76   0.18  -0.69 
T |   -1.13  -0.81  -1.39  -4.67  -2.88  -0.98  -4.67  -4.67   0.51  -4.67  -0.51 
A |   -2.55  -1.86  -1.03  -1.31  -5.77  -1.86   1.02  -2.16  -0.20  -3.28  -1.03   0.86   1.01  -1.14 
C |   -0.89  -5.19  -0.51  -1.05   0.83   1.50  -0.88  -1.58  -5.19  -1.93   0.94  -5.19  -1.97   1.26 
G |    1.58  -5.19  -1.28   1.49  -0.90  -5.19  -1.56  -0.59   1.28   1.59  -0.47  -0.22  -1.28  -0.88 
T |   -2.51   1.09   0.82  -1.86   0.47  -0.83  -5.77   0.95  -1.28  -1.45  -0.02  -1.16  -1.86  -0.53 
A |   -5.77  -5.77  -5.77  -5.77  -5.77   1.14   0.85   1.05   1.14   1.14 
C |    0.84   0.84   1.63  -5.19  -5.19  -5.19  -5.19  -5.19  -5.19  -5.19 
G |    1.17  -0.77  -5.19   1.71   1.71  -5.19  -5.19  -5.19  -5.19  -5.19 
T |   -5.77   0.45  -1.35  -5.77  -5.77  -5.77  -0.25  -1.35  -5.77  -5.77 
A |   -5.77  -0.97  -0.99   1.13   0.84   0.99  -0.54  -0.34   0.59   0.90 
C |    0.00   0.59   0.63  -5.19  -5.19  -0.52  -5.19  -5.19  -0.24  -4.50 
G |   -4.09  -0.41  -0.05  -3.00  -0.59  -5.19   1.51   1.44  -0.36  -0.88 
T |    0.94   0.31   0.15  -5.77  -0.72  -2.30  -5.77  -3.57  -0.74  -0.88 
A |    0.66  -5.77  -5.77   1.14  -5.77  -1.13  -0.36   0.34 
C |   -1.24  -5.19  -5.19  -5.19   1.71  -0.96   1.44  -0.40 
G |    0.36  -5.19   1.71  -5.19  -5.19   0.54  -5.19   0.05 
T |   -1.53   1.14  -5.77  -5.77  -5.77   0.48  -2.94  -0.28 
A |   -1.28   1.08  -5.77  -1.06  -1.25  -1.04   1.08  -0.42 
C |    0.10  -5.19   1.66  -4.50  -1.10   1.59  -5.19  -0.17 
G |   -2.42  -1.39  -5.19   1.59  -5.19  -5.19  -1.22  -0.72 
T |    0.78  -3.00  -1.76  -5.77   0.97  -5.77  -5.77   0.54 
A |   -5.77  -5.77  -5.77   0.44  -5.77   0.44   1.14  -5.77  -5.77  -5.77   1.14   1.14  -5.77  -5.77  -5.77  -5.77  -5.77 
C |    1.71   1.71  -5.19  -5.19  -5.19  -5.19  -5.19  -5.19   1.71  -5.19  -5.19  -5.19   1.71   1.02   1.71  -5.19  -5.19 
G |   -5.19  -5.19   1.71   1.02   1.71   1.02  -5.19  -5.19  -5.19   1.71  -5.19  -5.19  -5.19  -5.19  -5.19   1.71   1.71 
T |   -5.77  -5.77  -5.77  -5.77  -5.77  -5.77  -5.77   1.14  -5.77  -5.77  -5.77  -5.77  -5.77   0.44  -5.77  -5.77  -5.77 
A |    0.33  -0.68  -2.18   0.58  -5.77   1.14  -5.77  -5.77  -5.77  -5.77  -5.77   0.02  -0.43   0.04  -0.55 
C |   -0.60  -0.72  -5.19  -0.80  -5.19  -5.19  -5.19   1.71  -5.19   1.71   1.71  -2.80   0.66   0.05   0.69 
G |   -0.60  -0.72   1.68   0.55  -5.19  -5.19   1.71  -5.19   1.71  -5.19  -5.19   1.25  -0.72  -0.07  -0.60 
T |    0.11   0.73  -5.77  -2.18   1.14  -5.77  -5.77  -5.77  -5.77  -5.77  -5.77  -2.18   0.11  -0.03   0.11 
A |    0.62   1.13   1.02   0.96  -2.40  -4.38   0.75   1.10 
C |   -5.19  -5.19  -5.19  -5.19  -0.33   0.95  -0.31  -5.19 
G |    0.81  -2.89  -0.76  -5.19  -4.50   0.25  -0.94  -1.70 
T |   -5.77  -5.77  -2.30  -0.67   0.97  -0.06  -0.97  -5.77 
A |   -2.40  -5.77  -5.77  -5.77  -1.69   1.08   0.98   0.10 
C |    1.65  -5.19   0.38  -5.19  -0.72  -5.19  -1.12   0.39 
G |   -5.19   1.71   1.41   1.65  -5.19  -5.19  -0.72   0.27 
T |   -2.40  -5.77  -5.77  -1.69   0.98  -1.69  -5.77  -0.78 
A |   -2.01  -0.05  -5.77  -5.77  -1.30  -5.77  -2.01  -2.01 
C |    0.52  -5.19   1.71  -5.19  -5.19   1.71  -5.19   0.66 
G |   -0.33   1.35  -5.19   1.67   1.62  -5.19   0.88   0.37 
T |    0.49  -5.77  -5.77  -2.01  -5.77  -5.77   0.49   0.08 
A |    0.45  -1.92   0.09  -2.10  -2.05   0.99   1.11   1.10   0.31 
C |    0.01   1.63  -5.19   1.62  -0.99  -5.19  -5.19  -2.30  -0.47 
G |   -0.28  -1.97   1.27  -2.42   1.56  -0.67  -2.06  -4.50  -0.01 
T |   -0.58  -3.98  -4.16  -2.13  -2.30  -2.01  -5.77  -3.06  -0.16 
A |    0.05   1.02  -2.82  -0.35  -5.77  -0.63 
C |   -1.67  -2.36   1.61  -5.19   1.70  -5.19 
G |    1.15  -0.73  -5.19   1.46  -5.19   1.53 
T |   -1.61  -3.28  -1.37  -5.77  -2.94  -5.77 
A |   -0.28  -2.16   0.52   1.14   1.05  -2.77  -5.77  -1.42  -0.00   0.61   1.10  -5.77   1.12   0.46  -1.03  -0.24 
C |   -0.72  -5.19   0.49  -5.19  -2.20   1.51   0.87   0.88  -1.50  -5.19  -5.19  -5.19  -5.19  -2.20   1.52   0.41 
G |    1.04   1.68  -5.19  -5.19  -5.19  -1.76  -1.58   0.71  -5.19  -5.19  -2.20   1.71  -2.20   0.97  -2.20  -5.19 
T |   -0.68  -5.77  -0.64  -5.77  -1.55  -0.87   0.51  -0.97   0.69   0.24  -2.77  -5.77  -5.77  -5.77  -1.98   0.40 
A |   -0.68  -2.18  -1.49  -5.77  -5.77  -5.77  -1.10  -5.77  -5.77  -0.68   0.73 
C |   -0.72   1.64  -1.61   1.67   1.71  -5.19  -0.92   1.71  -5.19  -0.72  -0.72 
G |   -0.38  -5.19  -0.52  -3.81  -5.19   1.71   1.52  -5.19   1.71   1.18  -0.72 
T |    0.67  -2.10   0.90  -2.18  -5.77  -5.77  -5.77  -5.77  -4.38  -0.68  -0.68 
A |   -3.28   1.10   1.10  -3.28  -3.28  -3.28 
C |   -2.71  -2.71  -2.71  -2.71  -2.71  -2.71 
G |   -2.71  -2.71  -2.71  -2.71  -2.71   1.68 
T |    1.10  -3.28  -3.28   1.10   1.10  -3.28 
A |   -5.77  -0.42  -0.20  -5.77  -1.80  -1.80  -5.77   1.08  -5.77  -5.77  -5.77  -0.02 
C |   -5.19  -0.54  -1.22  -0.13  -1.22  -5.19  -0.54  -5.19   1.66   1.41   1.71  -5.19 
G |   -1.22  -5.19  -5.19  -5.19   1.60  -5.19  -5.19  -5.19  -5.19   0.38  -5.19   1.25 
T |    1.08   0.76   0.76   0.97  -5.77   1.08   1.03  -1.80  -1.80  -5.77  -5.77  -1.80 
A |   -2.21  -2.33  -0.71  -1.46  -1.84  -0.33  -0.60   0.12  -0.96  -0.48   0.29  -2.40 
C |    0.30  -0.74  -0.57   1.14   1.54  -0.07   0.73   0.58   0.68  -0.20   0.36  -2.01 
G |   -0.58  -0.72   0.10  -0.30  -1.10   0.68  -0.57   0.50   0.45   0.59   0.20   1.64 
T |    0.66   0.91   0.53  -0.33  -1.82  -0.25   0.09  -2.63  -0.29   0.02  -1.20  -2.88 
A |   -1.82  -1.26  -2.88  -0.28   0.15   0.58  -0.48  -1.33  -0.15  -0.41  -1.80  -2.51  -1.44 
C |    1.52  -1.41  -1.07   0.21   0.00  -0.27  -0.21   0.63   0.26  -1.86   1.58  -0.18  -1.00 
G |   -1.13   1.53   1.49  -0.59  -0.88  -0.06   0.04   0.04   0.32   0.14  -1.64   1.42   1.53 
T |   -1.63  -2.30  -0.96   0.30   0.15  -0.95   0.38   0.19  -0.27   0.55  -2.18  -1.45  -2.59 
A |   -0.40  -0.38  -0.62   0.66  -1.10  -2.59   0.86   0.86  -0.72  -1.13 
C |   -0.35  -2.20  -0.85  -0.92   1.42  -0.75  -0.49  -2.10   0.26   1.24 
G |    1.13  -1.73  -1.20  -0.29  -0.41  -0.81  -0.94  -1.90   0.45  -0.64 
T |   -1.13   0.82   0.78  -0.62  -2.44   0.93  -1.58  -0.51   0.03  -0.59 
A |   -2.05  -1.55  -1.01  -0.38  -1.08   0.56  -0.50  -0.05   0.13  -0.97   0.08  -0.02  -0.72  -0.09  -0.71  -2.94   0.56 
C |    1.50  -0.89  -0.57  -0.02  -0.06  -0.62   0.53   0.46   0.13  -1.19   0.06  -0.27   0.35   0.78   0.99  -0.77  -0.08 
G |   -0.82   1.44   1.44  -0.20   0.55  -0.30  -0.09   0.29   0.06   1.01   0.23   0.53   0.63  -0.36   0.20   1.53  -0.76 
T |   -1.49  -1.17  -2.72   0.36   0.25  -0.42   0.05  -0.63  -0.28   0.03  -0.32  -0.28  -0.24  -0.51  -0.83  -1.56  -0.53 
A |   -0.78  -1.14   0.59  -1.73   0.92  -0.17   0.61  -1.78  -3.37   1.01  -1.92 
C |    1.17   1.15  -0.62  -1.03  -0.63   0.99  -0.09   0.63   1.65  -1.79   1.24 
G |    0.02  -0.61   0.10  -0.34  -0.92  -0.65  -0.16  -0.16  -1.93  -0.85  -0.20 
T |   -1.27  -0.32  -0.93   0.85  -2.30  -0.76  -1.24   0.35  -2.59  -3.28  -0.56 
A |   -1.56  -1.28  -2.72  -1.59  -0.81  -0.51  -1.88  -0.83   0.61  -0.56 
C |   -0.07  -0.73   0.16  -2.01  -0.47  -0.22  -1.22  -1.13  -0.21  -2.15 
G |    1.37   0.32   1.35   1.52   0.89   1.23  -0.65   1.20  -2.48   0.15 
T |   -1.74   0.59  -1.45  -1.26  -0.04  -1.96   0.92  -0.45  -0.24   0.61 
A |   -2.63  -3.06   1.10  -2.55   0.66  -4.67  -2.16  -2.13 
C |   -1.03   1.68  -2.55   1.46  -2.55  -3.40  -3.25   1.44 
G |    0.91  -4.09  -3.40  -0.32   0.67  -3.00   1.64  -0.18 
T |    0.38  -3.06  -2.72  -1.51  -3.20   1.12  -2.40  -1.78 
A |   -1.41  -1.40  -0.77  -2.94  -5.77  -0.69   0.93   1.01   0.24  -0.07   0.11  -3.13  -2.82   0.77   0.91   1.01 
C |   -0.36  -2.89  -0.75   1.68   1.70   0.03  -1.50  -2.20  -1.48   0.64  -0.97  -5.19  -2.63  -0.72  -0.59  -3.11 
G |   -2.55  -0.99  -0.67  -3.25  -5.19  -0.06  -0.51  -1.28  -1.97  -0.20   0.86   1.70   1.65  -0.99  -2.06  -1.48 
T |    0.89   0.97   0.75  -3.82  -2.94   0.42  -1.96  -1.76   0.50  -0.41  -0.74  -4.38  -2.37  -0.73  -1.40  -1.53 
A |   -0.51  -1.25  -0.18   0.26  -1.19  -1.94  -1.66  -1.82   0.83  -1.66 
C |   -0.44  -0.61  -0.41  -1.46   1.43  -0.62  -1.19   1.14  -2.01   0.93 
G |   -0.37  -2.01   0.94   0.76  -0.57   1.51  -0.94  -0.22  -1.50  -0.22 
T |    0.57   0.90  -0.74  -0.70  -1.84  -2.05   0.93  -0.28  -0.46   0.05 
A |   -1.55  -2.55  -0.51  -3.69   1.07  -2.05   1.05 
C |   -0.93  -1.97   1.41  -1.86  -2.80  -0.69  -1.24 
G |   -0.82  -2.89  -1.43  -2.89  -1.67   0.95  -2.36 
T |    0.89   1.08  -2.51   1.09  -2.68   0.23  -2.72 
A |   -0.54  -0.93  -0.49  -1.67  -2.24  -2.59  -2.18 
C |   -0.73   1.48   0.44  -1.22   1.54  -0.42  -1.50 
G |   -0.61  -1.10  -0.92   1.51  -1.07   1.40   1.59 
T |    0.67  -2.63   0.34  -1.53  -1.64  -0.93  -2.08 
A |   -0.93  -1.26   1.11  -2.59  -2.16  -3.57  -1.67  -1.41 
C |    0.17   1.59  -3.11   1.56  -2.20  -2.48  -3.58   0.35 
G |    1.15  -2.20  -2.71  -0.99   1.63  -3.00   1.63   1.28 
T |   -1.25  -3.69  -4.16  -1.76  -2.63   1.11  -2.94  -2.82 
A |   -1.96  -0.64  -2.72  -0.59   0.33   0.47  -1.11  -1.67  -2.51   0.23   0.19  -0.58  -1.42  -1.94  -2.21  -1.39 
C |    1.47  -0.97  -0.74   0.11  -0.10  -0.01   0.62   1.60   1.28   0.72   0.63   0.51   1.02   1.30   1.57  -0.74 
G |   -0.50   1.28   1.56   0.71  -0.11  -0.07   0.94  -2.30   0.43  -0.85  -1.00  -0.36   0.27   0.02  -1.56   1.42 
T |   -1.59  -1.02  -2.24  -0.23  -0.34  -0.83  -1.17  -2.37  -1.92  -0.74  -0.42   0.21  -0.52  -1.04  -1.71  -1.31 
A |    0.66  -1.52   1.02  -4.38  -4.67  -3.37   0.62  -1.30   0.86  -1.98   0.98  -3.37  -0.93 
C |   -0.62   1.59  -1.28   1.33   1.71   1.66  -2.36  -0.19  -1.70   1.64  -0.24   0.83   1.11 
G |    0.11  -1.34  -1.48  -3.00  -5.19  -3.81   0.65  -1.13  -0.01  -2.63  -4.50  -2.15  -1.61 
T |   -1.33  -5.77  -2.63  -0.04  -4.38  -2.08  -1.98   0.79  -2.18  -3.28  -5.77   0.55  -0.10 
A |    0.13  -4.67   1.10  -1.25   0.29  -0.24   0.01  -3.57   1.11  -3.57 
C |    1.08  -2.25  -2.10   0.06  -0.29  -0.16  -0.69  -0.90  -3.81  -1.13 
G |   -1.05  -4.50  -2.80  -1.17  -0.11  -0.42  -0.62  -1.13  -2.30   1.08 
T |   -1.98   1.12  -3.69   0.73  -0.14   0.40   0.42   0.99  -4.67   0.23 
A |   -2.03  -0.47  -1.76   0.24   0.84   0.60  -1.10   0.05  -2.37  -2.03 
C |    1.36   1.37  -0.18  -0.93  -1.13  -0.55   0.60   1.06  -2.20  -1.28 
G |   -0.79  -1.58   1.17   0.95  -0.18   0.26   0.96  -1.70   1.53   1.57 
T |   -0.62  -1.78  -0.41  -1.78  -1.88  -1.41  -1.18  -1.03  -1.01  -1.92 
A |   -1.28  -3.06   0.68  -3.37  -3.37   0.92   0.77 
C |   -0.96  -0.08   0.18   1.62   0.28  -1.39  -0.18 
G |   -0.31  -1.79  -0.74  -1.05  -0.90  -1.61  -1.12 
T |    0.80   0.90  -1.53  -3.28   0.75  -1.00  -1.17 
A |   -2.59  -2.24   0.13  -5.08   0.18  -4.38  -3.82   0.78   1.08  -2.55  -3.47 
C |    1.11   0.03   0.38  -2.89  -0.20   1.69  -1.61   0.39  -2.20  -0.07   1.68 
G |    0.82   0.32  -3.25   1.11   0.95  -2.48  -1.41  -2.30  -3.40   1.47  -2.63 
T |   -2.55   0.51   0.13   0.33  -4.16  -3.82   1.05  -2.94  -2.40  -2.59  -3.69 
A |   -5.77   1.14  -5.77  -0.37   0.73   0.33   1.14   1.14   0.89   0.33  -0.37 
C |    1.46  -5.19  -5.19   1.46  -5.19  -0.48  -5.19  -5.19  -5.19  -5.19  -5.19 
G |   -5.19  -5.19   1.71  -5.19   0.61   0.90  -5.19  -5.19   0.21  -5.19   1.46 
T |   -0.37  -5.77  -5.77  -5.77  -5.77  -5.77  -5.77  -5.77  -5.77   0.55  -5.77 
A |   -5.77  -5.77  -5.77   0.53   0.14  -0.57   0.68  -5.77  -5.77  -5.77  -5.77  -1.10   0.17  -5.77  -5.77  -5.77  -5.77 
C |    1.71  -5.19  -5.19   0.32  -0.72   0.02   0.28   0.76  -5.19   0.86   0.29   1.14   0.36   0.11   1.49   1.71  -5.19 
G |   -5.19   1.71   1.71   0.13   1.11   0.76  -0.31  -0.74  -0.16   1.16  -5.19   0.60   0.70  -0.80   0.11  -5.19   1.71 
T |   -5.77  -5.77  -5.77  -5.77  -5.77  -0.25  -5.77   0.50   0.97  -5.77   0.86  -5.77  -5.77   0.81  -5.77  -5.77  -5.77 
A |   -0.78  -1.94  -2.55  -0.57   0.19  -2.40  -2.72  -5.77  -1.00   1.14  -5.77  -5.77  -1.24  -1.33  -5.77 
C |    0.17   0.90   0.62   0.32   0.54  -0.22   1.35  -0.12   0.47  -5.19  -5.19  -5.19  -5.19  -0.43   0.75 
G |    0.27   1.00   1.11   0.96  -0.66   0.47  -0.20  -5.19   0.84  -5.19  -5.19  -1.17   1.61   1.41  -5.19 
T |    0.24  -2.68  -1.21  -1.17  -0.41   0.52  -0.86   0.96  -0.60  -5.77   1.14   1.08  -5.77  -1.64   0.66 
A |    0.41  -3.20   1.13   1.05  -0.86  -0.55  -2.10  -1.61  -0.17  -1.28   0.58  -5.77   1.14   1.11   0.26 
C |   -0.57  -5.19  -5.19  -3.58   0.84   0.73   0.02   0.34   1.14   0.06  -0.53  -5.19  -5.19  -5.19  -0.21 
G |    0.84   1.70  -3.11  -1.20  -0.18   0.37  -0.70  -4.50  -0.27  -2.63   0.58   1.71  -5.19  -1.83   0.23 
T |   -5.77  -5.77  -5.77  -2.37  -0.08  -0.58   0.77   0.76  -2.40   0.79  -5.77  -5.77  -5.77  -5.77  -0.41 
A |   -0.27  -5.08   1.01  -5.77  -1.66  -1.71  -5.77   1.00   1.09   0.96   0.74 
C |    0.15   1.71  -1.15  -2.48  -5.19  -3.40  -5.19  -1.30  -5.19  -5.19  -5.19 
G |    1.05  -5.19  -2.48  -5.19   1.65  -2.20   1.71  -0.80  -1.34  -0.40  -0.36 
T |   -2.33  -5.77  -1.88   1.12  -5.77   1.05  -5.77  -5.77  -5.77  -2.05  -0.46 
A |    1.14   0.63  -1.16  -5.77   1.14  -5.77   1.14  -5.77  -1.16 
C |   -5.19  -5.19  -5.19  -5.19  -5.19   1.71  -5.19   0.11  -5.19 
G |   -5.19  -5.19  -0.59  -5.19  -5.19  -5.19  -5.19  -5.19   1.61 
T |   -5.77   0.22   0.92   1.14  -5.77  -5.77  -5.77   0.91  -5.77 
A |   -0.05  -0.41  -1.26  -0.41  -2.37  -2.37  -2.37   1.01  -1.26   0.04  -5.77  -1.26  -5.77   0.53  -5.77  -5.77  -1.66 
C |   -0.17  -5.19  -5.19  -5.19  -5.19  -5.19  -1.08  -5.19  -0.40  -1.79  -1.79  -1.79  -5.19  -5.19  -0.17  -5.19  -0.40 
G |   -5.19  -0.68  -5.19  -0.68  -5.19  -5.19  -5.19  -5.19  -5.19   0.86  -5.19  -5.19  -5.19  -5.19   1.11   0.16  -5.19 
T |    0.53   0.78   1.04   0.78   1.11   1.11   1.04  -0.97   0.90  -0.41   1.11   1.01   1.14   0.35  -0.05   0.90   0.94 
A |    0.32  -1.39  -0.98  -2.08   1.10  -1.39   1.14  -5.77   0.75  -0.29  -0.69 
C |   -0.41  -0.41  -5.19  -5.19  -1.50  -5.19  -5.19   0.11  -1.50   0.29  -0.41 
G |   -5.19  -5.19  -5.19  -5.19  -5.19  -5.19  -5.19  -5.19   0.44  -1.50  -0.12 
T |    0.32   0.92   1.01   1.10  -5.77   1.05  -5.77   0.91  -5.77   0.41   0.56 
A |   -5.77  -1.01  -1.10   0.33  -5.77  -5.77  -5.77  -5.77   1.10 
C |   -0.82   1.51  -5.19  -5.19   0.46   1.71   1.71  -5.19  -5.19 
G |   -5.19  -0.97   1.60   1.12  -5.19  -5.19  -5.19   1.71  -1.70 
T |    1.05  -4.38  -4.38  -5.77   0.80  -5.77  -5.77  -5.77  -5.77 
A |    0.20  -4.38  -5.77   0.29  -5.77   1.06  -4.67   0.40   1.13   1.11   0.50 
C |   -1.24   1.00  -5.19  -3.11   1.70  -2.30   1.06  -0.41  -3.00  -2.20  -1.36 
G |    1.13  -5.19   1.71  -3.11  -2.89  -1.10   0.94  -3.00  -4.50  -4.09  -1.24 
T |   -5.77   0.46  -5.77   0.55  -5.08  -5.08  -2.77   0.20  -5.77  -4.16   0.16 
A |    0.17  -0.01  -5.77   0.93  -1.94  -5.77  -5.77  -3.06  -5.77  -5.77  -1.07   0.97 
C |   -0.86  -2.63  -3.81  -4.50  -2.55   1.71   1.71  -5.19   1.71   1.49   0.33  -3.58 
G |   -1.03  -3.25  -5.19  -5.19   1.65  -5.19  -5.19   1.70  -5.19  -1.34   1.23  -0.52 
T |    0.41   0.73   1.13  -0.54  -3.98  -5.77  -5.77  -5.77  -5.08  -0.76  -2.68  -1.94 
A |   -2.30  -3.57  -5.77  -5.77  -5.77   1.07  -4.67  -0.74   1.13   1.12  -0.89 
C |    0.47  -1.15   1.61  -5.19  -5.19  -4.09   1.66  -5.19  -5.19  -3.40  -5.19 
G |   -1.22   1.19  -1.58  -5.19   0.93  -1.19  -1.53  -3.25  -3.81  -3.81   0.38 
T |    0.67   0.07  -1.64   1.14   0.53  -3.57  -3.57   0.97  -5.77  -3.57   0.64 
A |   -1.26  -5.77  -5.77   1.14  -5.77  -5.77  -1.61  -5.77  -2.47   0.18 
C |   -5.19  -5.19  -1.19  -5.19   1.71   1.71   1.65  -5.19  -5.19   0.84 
G |   -0.22  -2.10  -5.19  -5.19  -5.19  -5.19  -5.19   1.71   1.69  -1.13 
T |    0.87   1.12   1.08  -5.77  -5.77  -5.77  -5.77  -5.77  -5.77  -0.81 
A |   -2.27  -1.74   1.06  -4.38  -4.38  -4.67  -2.94  -0.63  -0.43  -0.76 
C |   -3.40  -2.55  -4.09   1.62  -1.64   1.67   0.40  -0.89   0.23   0.83 
G |   -1.26   1.61  -1.56  -3.81  -3.81  -4.09   0.30   0.76   0.52  -0.82 
T |    1.05  -2.51  -2.13  -1.33   1.10  -2.08   0.39   0.15  -0.20   0.12 
A |    0.93  -2.51  -3.82   0.98  -0.70  -3.00   0.96   1.13  -4.38  -2.37 
C |   -0.44  -4.50  -3.11  -1.90  -0.15  -3.81  -0.20  -4.50  -3.40   1.61 
G |   -1.46  -3.00  -3.58  -3.40   1.31  -3.40  -3.40  -3.58   1.22  -2.80 
T |   -2.30   1.10   1.12  -1.01  -2.68   1.11  -3.28  -3.82   0.18  -1.73 
A |    0.56  -3.13  -3.37   0.99  -2.05   0.03  -2.55   0.96   1.06  -0.91  -0.72 
C |    0.35  -2.55  -2.89  -0.80   1.23   0.36  -2.15  -0.24  -1.61   0.21   1.25 
G |   -0.52  -1.58  -0.42  -2.06  -0.36   0.69  -1.41  -3.25  -2.10   0.68  -0.16 
T |   -1.39   1.07   0.99  -2.30  -0.37  -1.78   1.05  -3.00  -2.88  -0.09  -1.64 
A |   -1.94   0.09  -3.37  -3.37  -3.37  -3.37  -0.66 
C |   -1.36  -1.48  -2.80  -2.80   1.68  -2.80  -0.63 
G |    1.57  -0.14   1.68   1.68  -2.80   0.03   1.16 
T |   -2.05   0.35  -3.37  -3.37  -3.37   0.91  -0.66 
A |   -1.31  -3.20  -3.47  -3.13   1.10   1.09  -1.90 
C |    1.01   1.68  -2.80  -2.89  -2.80  -2.71   1.27 
G |   -0.96  -2.55   1.68   1.68  -2.48  -2.15  -1.36 
T |    0.09  -3.47  -3.47  -3.47  -2.94  -3.28  -0.20 
A |    0.54  -3.28  -3.37   1.10  -3.57  -3.06  -1.48   1.05  -2.13 
C |   -1.12  -2.89  -1.93  -2.71   1.29  -2.89   1.60  -2.10   0.67 
G |    0.70  -2.80   1.60  -2.63   0.58  -2.55  -2.01  -2.42  -1.10 
T |   -2.33   1.11  -1.45  -3.28  -3.47   1.10  -3.20  -1.94   0.54 
A |   -0.86  -1.76  -2.05  -1.13  -2.40  -2.40  -2.40   0.57  -0.66 
C |   -1.79  -1.76   1.61  -1.83  -1.83   1.62   1.61  -1.56   1.16 
G |    1.50   1.53  -1.79  -1.83  -1.83  -1.76  -1.43  -1.67  -0.63 
T |   -2.40  -1.31  -2.40   0.96   1.05  -2.40  -2.40   0.12  -0.66 
A |   -2.72  -2.94   0.33   0.37   0.41  -2.03   0.84  -0.84  -3.37  -2.08  -3.13 
C |   -2.55   0.37   0.31  -0.62  -0.75  -1.02  -1.46  -0.23   1.69  -1.43   0.79 
G |    1.65   1.37  -0.58   0.39  -1.10  -1.53  -1.56  -0.92  -3.11   1.60   0.98 
T |   -2.37  -3.28  -0.43  -0.60   0.16   0.98  -0.56   0.70  -3.47  -2.51  -1.08 
A |   -4.16  -0.98  -4.16  -2.30   1.12  -4.16  -4.16  -4.16  -4.16  -4.16  -2.30  -0.21   0.42   0.12 
C |    0.01   1.32  -0.11   0.52  -3.58  -3.58  -3.58  -3.58  -3.58   0.99   0.80   0.74  -0.70  -0.70 
G |    0.05  -0.61  -3.58   1.03  -3.58  -3.58  -3.58   1.70   1.70  -3.58  -0.25   0.61   0.54   0.90 
T |    0.67  -1.10   0.95  -0.67  -4.16   1.12   1.12  -4.16  -4.16   0.46   0.29  -2.37  -1.05  -1.06 
A |   -1.78  -2.82  -2.55  -1.90  -0.03   0.82  -0.78  -1.90  -2.55  -2.24 
C |    1.43   1.63  -1.93  -1.50  -1.02  -1.15   1.39   1.60  -1.22  -1.61 
G |   -0.18  -1.64   1.59   1.48  -0.17  -0.92  -0.81  -1.76   1.59   1.61 
T |   -1.96  -2.47  -1.55  -1.00   0.39  -0.81  -1.80  -2.51  -2.03  -2.30 
A |   -0.59  -0.15  -0.67  -0.88  -4.67  -1.52  -3.00  -3.20  -1.61 
C |   -0.52   0.01  -1.50  -1.43   0.16  -1.32   1.50  -0.88   1.48 
G |   -0.69  -0.30  -0.52  -0.69  -4.09   1.47  -1.70   0.02  -0.81 
T |    0.67   0.25   0.77   0.83   0.89  -1.15  -0.78   0.82  -1.53 
A |    0.75  -3.28  -2.10  -4.16  -2.88  -1.19  -2.05 
C |   -1.17   1.67  -3.00   1.65  -1.79  -2.15   1.13 
G |   -0.68  -2.71   1.66  -3.00   1.65  -3.00  -0.96 
T |   -0.60  -2.68  -3.98  -1.84  -2.88   1.00   0.04 
A |   -0.66  -3.06  -3.47  -3.47  -3.47  -3.47  -1.67  -0.67 
C |   -0.64  -2.89  -2.89  -2.89  -2.89   1.68  -2.89   0.78 
G |   -0.64   1.68  -2.89   1.68   1.68  -2.89   1.43  -0.41 
T |    0.70  -3.47   1.11  -3.47  -3.47  -3.47  -0.60   0.01 
A |   -0.54  -1.90   0.99  -3.28  -3.57  -3.57  -3.37  -1.35 
C |   -2.30  -3.00  -2.55   1.67   1.69   1.69  -1.15  -1.70 
G |    1.47   1.65  -1.93  -2.89  -3.00  -2.89  -1.39   0.96 
T |   -3.47  -3.57  -1.16  -2.59  -3.57  -3.57   1.02   0.26 
A |   -1.59   0.43  -3.47  -3.47  -3.47   1.07  -1.96  -0.21 
C |    1.14   0.61  -0.94  -2.89   1.68  -2.89  -0.36   0.96 
G |    0.48  -0.36  -2.89   1.68  -2.89  -1.39   0.44  -0.06 
T |   -1.39  -1.76   1.05  -3.47  -3.06  -3.47   0.54  -1.16 
A |   -1.27  -2.72  -3.28   1.04   0.14   0.53   0.58   0.82  -2.55   1.09  -1.84 
C |   -1.19   1.65  -1.83  -1.86  -2.01  -2.01  -2.30  -2.80  -2.48  -2.71  -1.67 
G |   -0.27  -1.86  -2.71  -2.36  -2.71  -2.48  -2.80  -2.80  -2.80  -2.01   1.57 
T |    0.81  -3.06   1.09  -1.86   0.62   0.26   0.21  -0.25   1.09  -3.28  -1.84 
A |   -0.44   0.80  -3.47   0.24  -3.47  -0.27  -2.30   0.22   0.36 
C |    1.03  -0.74   1.68   1.12   1.67   1.19   0.27  -2.89   0.60 
G |   -0.54  -0.74  -2.89  -1.73  -1.86  -0.28  -2.89   0.86  -1.41 
T |   -0.55  -0.99  -2.82  -3.47  -3.47  -2.47   0.81  -0.65  -0.63 
A |   -0.40  -3.57  -2.37  -3.47  -3.57  -3.13   0.76   1.04   0.78 
C |   -3.25  -2.63  -1.93  -2.36  -2.71   1.69  -2.63  -3.25  -0.30 
G |    1.40   1.67  -1.97   1.68   1.69  -3.25   0.46  -3.25  -1.10 
T |   -1.84  -2.88   1.05  -3.82  -3.57  -4.16  -2.72  -1.42  -1.08 
A |   -4.16  -4.16  -3.37  -0.20  -3.82  -2.30   0.81   1.04  -1.73  -3.69  -1.29   0.87   0.39 
C |    1.67  -4.09  -3.40   0.25   0.25   0.07  -2.63  -3.81  -0.73  -2.63  -4.09  -3.58   0.13 
G |   -3.58   1.61   1.51  -0.41  -2.06   0.85  -4.09  -4.09  -4.09   1.68   1.61   0.21   0.53 
T |   -2.37  -1.30  -0.63   0.19   0.84   0.10  -0.18  -1.28   0.98  -2.94  -4.16  -4.16  -3.13 
A |    0.85  -1.27   1.10  -3.47  -2.08  -3.47  -3.47  -1.76 
C |   -1.97   1.60  -2.89  -2.89  -2.89   1.66   0.89   0.69 
G |    0.20  -2.89  -2.20  -2.89  -2.89  -2.20  -1.39  -1.97 
T |   -3.47  -3.47  -3.47   1.11   1.08  -2.55   0.46   0.56 
A |    0.63  -1.98  -3.47   1.02  -2.94  -1.84  -1.55  -2.82   0.94  -1.84 
C |   -0.99  -0.26   1.67  -2.71   1.55   0.24  -0.53  -0.57  -1.76   0.91 
G |    0.48  -1.34  -2.42  -1.46  -0.46   1.36  -2.63   1.58  -0.64  -0.49 
T |   -1.96   0.88  -3.00  -1.76  -2.77  -2.88   0.93  -3.57  -1.80   0.21 
A |   -1.14  -3.57   1.02  -4.16   0.28  -2.21   1.02   0.83   0.01  -0.75 
C |   -0.99  -2.20  -1.61   1.53  -1.76  -0.88  -0.97  -1.24   0.19   1.29 
G |   -0.74  -2.36  -1.56  -2.20   1.09  -1.19  -2.10  -1.41   0.22  -0.89 
T |    0.85   1.09  -2.16  -0.81  -3.57   0.96  -2.51  -0.63  -0.30  -1.00 
A |   -1.61   0.23  -2.94  -3.69   1.11  -3.13  -2.72   0.92   1.10  -1.29 
C |   -1.07   1.14  -2.89  -2.20  -3.11   1.45  -2.42   0.00  -3.11  -2.15 
G |    1.30  -2.36  -2.71   0.24  -2.55  -0.54  -3.00  -2.80  -2.71   0.24 
T |   -0.41  -2.94   1.10   0.84  -3.69  -1.04   1.09  -3.82  -2.94   0.73 
A |   -1.82  -2.59  -5.77  -5.77   0.77 
C |    0.89   1.61   1.70  -2.55  -0.52 
G |   -1.20  -1.26  -2.42   1.67  -0.82 
T |    0.35  -2.72  -5.77  -2.30  -0.94 
A |   -1.26  -0.34  -1.73  -1.28  -0.98  -0.74 
C |   -1.19   0.63  -1.30  -1.26  -2.06  -1.26 
G |    1.47  -1.19   1.56   1.56   1.53   1.40 
T |   -1.52   0.17  -2.18  -5.77  -2.44  -1.61 
A |   -0.50  -2.24  -5.77  -1.61  -0.11  -1.45 
C |    1.38   1.52   1.67   1.61  -2.25   1.49 
G |   -2.25  -5.19  -5.19  -5.19   0.79  -1.58 
T |   -1.53  -0.83  -2.03  -2.18  -0.07  -1.30 
A |   -1.84  -2.77  -3.47  -1.86  -0.32  -0.20  -2.08   0.41  -1.67   0.09  -1.07  -2.08  -2.77  -3.47  -1.51 
C |    1.56   1.60  -0.59  -0.94   0.86   1.03  -1.10  -0.94  -0.94  -1.10   0.58   1.54   1.58  -0.81  -2.20 
G |   -2.20  -0.81   1.58   1.54   0.45  -1.08   1.28   0.20   1.28  -0.81  -0.25  -0.94  -0.59   1.60   1.56 
T |   -1.51  -3.47  -2.77  -2.08  -1.66  -0.62  -0.25  -0.33  -0.37   0.47   0.30  -1.86  -3.47  -2.77  -1.84 
A |   -1.27  -0.29  -0.32  -0.90   0.25  -1.07  -2.37  -3.47  -3.47  -3.47  -3.47   0.90   1.02   0.72  -0.42   0.08  -0.98  -0.46   0.27  -0.63 
C |    0.00  -0.18   0.88   0.54  -0.18   1.15   0.71  -1.79   1.67   0.44  -2.89  -1.50  -2.89  -0.25   0.58   0.43  -0.12  -0.11  -0.49  -0.33 
G |    1.17   0.98  -1.08   0.98   0.15  -0.06  -0.70  -2.89  -2.20   1.36   1.68  -0.24  -1.79  -0.59  -0.49  -0.19   0.05   0.88   0.51   1.15 
T |   -0.76  -0.90  -0.16  -1.39  -0.33  -0.76   0.48   1.09  -3.47  -3.47  -3.47  -2.37  -1.52  -1.16   0.12  -0.34   0.50  -0.46  -0.63  -0.90 
A |    0.48  -1.39  -2.37  -3.47  -3.47   1.09  -3.47  -3.47  -2.08  -0.37 
C |   -1.12   0.85   1.44  -1.26   1.68  -2.89  -2.89   1.66  -2.89   1.17 
G |   -0.26   0.77   0.11  -0.80  -2.89  -2.89  -1.79  -2.89   1.58   0.00 
T |   -0.11  -1.07  -3.47   0.99  -3.47  -2.37   1.09  -2.37  -1.40  -2.77 
A |   -1.69  -3.47  -3.47  -2.08  -0.28  -0.83  -0.34  -0.33   0.09  -2.77  -3.47  -2.77   1.06 
C |    1.07   1.47  -1.79  -2.89  -2.20   0.37   0.50  -0.81   0.85   1.64  -1.50  -2.20  -2.89 
G |   -0.33   0.11   1.66   1.65   1.38  -0.12   0.66   0.85  -0.49  -2.89   1.65   1.66  -1.28 
T |   -0.11  -3.47  -3.47  -3.47  -2.77   0.32  -0.91  -0.17  -0.98  -2.08  -3.47  -3.47  -2.77 
A |   -1.86   1.07  -3.47  -3.47  -3.47   1.03   0.71   0.46 
C |   -0.60  -2.89   1.68  -2.89   1.68  -2.89   0.15  -0.70 
G |    1.53  -2.20  -2.89   1.64  -2.89  -0.94  -1.28  -1.50 
T |   -2.77  -2.08  -3.47  -1.86  -3.47  -2.77  -1.27   0.13 
A |   -3.47  -3.47  -3.47  -2.37   1.11  -3.47  -3.47  -0.34  -2.77 
C |    0.94   1.55  -2.89  -2.89  -2.89  -2.89   1.68  -2.89   0.57 
G |    0.29  -0.33  -2.89  -2.89  -2.89  -2.89  -2.89   1.29   0.86 
T |   -0.10  -3.47   1.11   1.09  -3.47   1.11  -3.47  -1.08  -0.30 
A |   -2.77   0.97  -2.77   1.05  -1.52  -3.47  -3.47   0.94  -0.97   0.15  -0.52 
C |   -0.33  -2.89  -2.89  -2.89  -2.89   1.67  -0.25  -1.79   0.52  -0.59   1.13 
G |   -1.79  -0.25   1.67  -2.89  -2.89  -2.89  -2.89  -0.33  -0.68  -0.49  -0.59 
T |    0.94  -3.47  -3.47  -1.52   1.05  -2.77   0.97  -2.77   0.42   0.27  -0.76 
A |   -3.47  -2.08  -3.47  -3.47  -0.25  -0.25  -0.25  -0.25  -0.25  -0.25  -0.25  -0.25  -0.25  -0.90  -1.66  -1.67  -3.47   0.84 
C |   -1.12   1.62   1.54  -1.79   0.33   0.33   0.33   0.33   0.33   0.33   0.33   0.33   0.33   0.54   1.61  -0.69  -1.50   0.04 
G |    0.04  -1.50  -0.69   1.61   0.33   0.33   0.33   0.33   0.33   0.33   0.33   0.33   0.33   0.87  -1.79   1.54   1.62  -1.12 
T |    0.84  -3.47  -1.67  -1.66  -0.25  -0.25  -0.25  -0.25  -0.25  -0.25  -0.25  -0.25  -0.25  -0.90  -3.47  -3.47  -2.08  -3.47 
A |    0.90   1.08   1.06  -3.47  -3.47  -3.47  -3.47  -3.47  -2.77 
C |   -2.89  -2.89  -2.89  -2.89  -1.28   1.68   1.68  -2.89   0.00 
G |   -1.26  -2.89  -2.89  -2.89  -2.89  -2.89  -2.89   1.68   0.82 
T |   -0.74  -2.08  -1.67   1.11   1.07  -3.47  -3.47  -3.47   0.20 
A |   -0.76   0.81  -3.47  -3.47  -3.47  -3.47  -0.33  -3.47   1.02   0.22  -0.42 
C |   -0.94  -1.10   1.68   1.65   1.68   1.68  -2.89   1.65  -2.89  -0.12  -0.94 
G |   -0.94   0.00  -2.89  -2.89  -2.89  -2.89   1.43  -1.50  -0.69  -1.28  -2.20 
T |    0.80  -2.08  -3.47  -2.08  -3.47  -3.47  -3.47  -3.47  -3.47   0.20   0.78 
A |   -0.38   0.85  -3.47  -3.47  -3.47  -3.47  -0.42  -3.47   0.97   0.02  -0.25 
C |   -0.50  -0.59   1.68   1.66   1.68   1.68  -2.89   1.62  -2.20  -0.50  -0.59 
G |   -1.12  -0.49  -2.89  -2.89  -2.89  -2.89   1.45  -0.96  -0.33  -1.12  -2.20 
T |    0.65  -2.08  -3.47  -2.37  -3.47  -3.47  -3.47  -3.47  -3.47   0.46   0.68 
A |   -0.53   0.33  -3.47   1.07  -2.77   1.10   1.10   1.08   0.81   0.45  -0.98 
C |   -2.20   0.99   1.66  -2.89   1.67  -2.89  -2.89  -2.89  -2.20   0.00   1.25 
G |    1.32  -1.50  -2.89  -1.28  -2.89  -2.89  -2.20  -2.89   0.30  -0.81  -0.59 
T |   -0.99  -2.37  -2.37  -3.47  -3.47  -2.77  -3.47  -2.08  -2.77  -0.29  -0.76 
A |   -1.16   0.06   0.44  -1.06   1.03  -0.90   0.98  -1.67   0.84   0.71 
C |    1.06  -0.33   0.34  -2.20  -2.89  -1.79  -2.20  -1.50  -2.20  -1.79 
G |   -1.28  -0.94  -1.08  -2.89  -1.79  -2.89  -1.50  -1.79  -2.20  -0.18 
T |    0.03   0.36  -0.51   0.99  -1.67   0.95  -1.27   1.00  -0.38  -0.63 
A |   -0.83   0.16  -0.48  -0.74   0.20   0.59  -0.64   0.93  -1.27   0.84  -0.13   0.47   0.36   0.15   0.38 
C |   -0.50   0.14   0.57   0.58  -0.94  -0.69  -0.96  -1.79  -0.94  -2.20  -1.28  -1.79  -0.59  -0.49  -0.81 
G |   -0.50  -0.82  -0.50  -0.24  -1.79  -1.28  -2.20  -0.94  -1.79  -0.96  -0.69  -0.94  -0.41  -0.49   0.64 
T |    0.70   0.05   0.16   0.18   0.47  -0.13   0.84  -1.27   0.93  -0.64   0.59   0.20   0.00   0.25  -1.07 
A |   -0.98   0.99   0.41   0.32  -3.47  -3.47  -3.47  -3.47   0.71 
C |   -1.79  -2.89  -2.20   0.11   0.01   1.68   1.66  -2.89  -2.20 
G |   -1.79  -2.89  -1.28  -0.06  -0.80  -2.89  -1.79   1.68   0.37 
T |    0.94  -0.97   0.34  -0.52   0.82  -3.47  -3.47  -3.47  -1.52 
A |    0.45  -1.66  -0.48   0.88   0.92  -0.58  -0.47   0.88   0.60  -0.06  -0.83  -0.76  -0.83 
C |   -1.50   0.21  -2.20  -2.20  -2.89  -2.89  -2.89  -2.89  -0.32  -0.49   0.00   0.58   0.00 
G |   -0.94  -0.32  -2.89  -2.89  -2.89  -2.89  -2.20  -2.20   0.21  -0.33   0.87   0.75   1.12 
T |    0.20   0.60   0.88  -0.47  -0.58   0.92   0.88  -0.48  -1.66   0.36  -0.25  -0.76  -0.90 
A |   -2.77  -3.47  -3.47  -3.47   0.93   0.06   0.90 
C |   -0.59   1.68  -2.89  -2.89  -2.20  -2.89  -0.94 
G |    1.50  -2.89   1.68   1.68  -0.12  -2.20  -0.49 
T |   -1.52  -3.47  -3.47  -3.47  -3.47   0.68  -2.37 
A |   -3.47  -3.47  -3.47  -3.47  -3.47  -3.47  -3.47   0.92 
C |   -2.89   1.68  -1.28  -2.20   1.67   1.64  -2.89   0.00 
G |    0.00  -2.89   1.64   1.67  -2.20  -1.28   1.68  -2.89 
T |    0.92  -3.47  -3.47  -3.47  -3.47  -3.47  -3.47  -3.47 
A |    0.82  -0.91   0.45  -2.77   1.09   1.10  -2.77   0.65   0.63   0.52  -0.22   0.43   0.30   0.15   0.25 
C |   -1.79  -0.01   0.37  -2.89  -2.20  -2.89  -1.28  -0.33  -0.33   0.20  -0.13  -0.59  -0.94  -0.41  -0.41 
G |   -0.41  -0.50   0.25   1.67  -2.89  -2.20   1.50   0.19  -1.50  -1.28  -0.19   0.20  -0.59  -0.18  -0.94 
T |   -0.98   0.60  -3.47  -3.47  -2.77  -3.47  -0.98  -2.08  -0.33  -0.52   0.31  -0.52   0.22   0.12   0.22 
A |    0.51   0.90   1.02   1.03   0.99   0.52  -1.27  -2.08  -2.77  -1.51  -0.91  -1.37 
C |   -1.50  -0.93  -1.50  -2.89  -2.89  -1.79  -1.50  -1.28  -1.28  -0.93   0.81   0.68 
G |    0.64  -0.93  -1.28  -1.28  -1.50  -2.20  -2.89  -2.89  -1.50  -0.93  -0.70  -0.58 
T |   -1.37  -1.51  -2.77  -2.08  -1.27   0.25   0.99   1.03   1.02   0.90   0.16   0.37 
A |    0.81  -2.77   1.11  -1.86  -3.47  -3.47   1.07  -3.47   0.71 
C |   -2.89  -2.89  -2.89  -2.89   1.68  -2.20  -1.50   1.67  -0.81 
G |    0.37   1.67  -2.89  -2.89  -2.89  -2.89  -2.20  -2.89   0.05 
T |   -3.47  -3.47  -3.47   1.07  -3.47   1.10  -3.47  -2.77  -1.39 
A |   -1.17  -0.63  -0.58  -0.52   0.47   0.54   0.88   0.45  -1.16  -1.86  -3.47  -3.47  -3.47  -3.47   1.09  -0.76  -0.90 
C |   -0.07  -0.06   0.85   0.75  -1.10  -0.41  -1.50  -1.79  -2.89  -2.89  -2.89  -2.89  -1.10   1.68  -2.89   1.19  -0.41 
G |    1.11   0.11  -1.10  -0.49   0.05  -0.18  -0.96  -1.79  -2.89  -2.89  -2.89  -2.20  -2.20  -2.89  -1.79  -0.81  -0.25 
T |   -0.53   0.36   0.06   0.00  -0.29  -0.58  -0.99   0.32   1.01   1.07   1.11   1.10   1.05  -3.47  -3.47  -0.58   0.65 
A |   -0.29  -1.07  -2.37  -3.47  -3.47  -3.47  -3.47  -3.47   0.66 
C |   -0.49  -2.89   1.28  -2.89   1.53   1.55  -2.89   1.06  -2.89 
G |    1.15   1.53  -2.89   1.68  -0.18  -0.33   1.66  -2.89   0.64 
T |   -1.39  -1.86  -0.02  -3.47  -3.47  -3.47  -2.37   0.36  -2.37 
A |    0.49   1.08   1.10  -3.47  -3.47  -3.47  -3.47  -3.47   0.90   0.49 
C |   -0.69  -2.89  -2.89   1.36  -2.20   1.68   1.68  -2.89  -2.20  -0.81 
G |    0.48  -2.89  -2.89   0.44  -2.89  -2.89  -2.89   1.68  -0.06   0.37 
T |   -1.16  -2.08  -2.77  -3.47   1.10  -3.47  -3.47  -3.47  -2.77  -0.83 
A |    1.09   0.77  -2.37  -3.47  -3.47  -3.47   1.10   0.95 
C |   -2.89  -2.89   1.66   1.68   1.68  -2.20  -2.89  -2.89 
G |   -2.89   0.47  -2.89  -2.89  -2.89  -2.89  -2.20  -1.10 
T |   -2.37  -3.47  -3.47  -3.47  -3.47   1.10  -3.47  -1.16 
A |   -0.82  -3.47  -3.47  -3.47   1.03  -2.37  -3.47  -3.47  -2.77  -2.08 
C |    0.25   1.67  -2.89  -2.89  -1.50  -1.79   1.68   1.68  -2.89   1.24 
G |    1.13  -2.89   1.68   1.68  -1.79  -1.50  -2.89  -2.89   1.67  -0.70 
T |   -1.51  -2.77  -3.47  -3.47  -2.37   1.03  -3.47  -3.47  -3.47  -0.25 
A |   -0.33  -0.69  -1.86  -2.77  -3.47  -3.47  -3.47   0.45   1.06   0.71  -2.77  -2.77   1.11   1.10   0.28   0.00   0.90  -0.58  -3.47 
C |   -0.25   0.85  -2.89  -0.33   1.68  -2.89  -1.79  -0.81  -1.79  -1.79  -2.89  -2.89  -2.89  -2.89  -0.40  -0.33  -0.69   0.77   1.68 
G |   -1.50   0.25  -2.20   1.08  -2.89   1.68   1.66   0.41  -1.79  -1.50  -2.89  -2.89  -2.89  -2.89  -0.80  -0.41  -1.79  -0.06  -2.89 
T |    0.61  -0.52   1.06   0.00  -3.47  -3.47  -3.47  -0.76  -2.77  -0.13   1.10   1.10  -3.47  -2.77   0.16   0.30  -1.27  -0.21  -3.47 
A |    0.71  -1.53  -2.77  -3.47  -3.47   1.10  -3.47  -3.47  -1.86  -0.83 
C |   -1.28   0.79   1.47  -1.79   1.68  -2.89  -2.89   1.67  -2.20   1.29 
G |   -0.59   0.88   0.05  -1.28  -2.89  -2.89  -2.20  -2.89   1.58   0.04 
T |   -0.47  -1.17  -3.47   1.05  -3.47  -2.77   1.10  -2.77  -1.67  -2.77 
A |    0.41   0.50  -3.47  -3.47  -3.47   0.95   0.43   0.86  -1.07   0.61   0.63 
C |    0.33  -0.01   1.68  -2.89  -2.89  -2.89  -1.28  -1.79  -2.20  -0.81  -0.49 
G |    0.25   0.47  -2.89   1.68   1.68  -0.18   0.87  -2.20  -2.89  -1.50  -0.06 
T |   -2.08  -3.47  -3.47  -3.47  -3.47  -3.47  -2.37  -0.52   0.99  -0.10  -0.98 
A |   -2.77  -2.37  -3.47  -2.77  -0.46  -0.25  -0.25  -0.25  -0.25  -0.25  -0.25  -0.25  -0.25  -0.25  -3.47  -2.77  -2.08   0.85 
C |   -0.41   1.62   1.50  -1.50   0.34   0.33   0.33   0.33   0.33   0.33   0.33   0.33   0.33   0.33   1.64  -0.12  -2.20  -0.49 
G |   -0.49  -2.20  -0.12   1.64   0.06   0.33   0.33   0.33   0.33   0.33   0.33   0.33   0.33   0.33  -1.50   1.50   1.62  -0.41 
T |    0.85  -2.08  -2.77  -3.47   0.10  -0.25  -0.25  -0.25  -0.25  -0.25  -0.25  -0.25  -0.25  -0.25  -2.77  -3.47  -2.37  -2.77 
A |    0.54   0.32  -3.47  -3.47  -3.47   1.10   0.80   1.11  -3.47  -3.47   0.69 
C |   -0.81   0.15   1.07  -2.89  -2.20  -2.20  -2.89  -2.89  -2.89   1.68   0.51 
G |    0.29   0.25  -2.89   1.68  -2.89  -2.89   0.41  -2.89  -2.89  -2.89  -2.20 
T |   -0.90  -0.98   0.35  -3.47   1.10  -3.47  -3.47  -3.47   1.11  -3.47  -2.08 
A |   -1.39  -0.69   0.18   0.16  -0.16   0.54  -2.77  -3.47  -3.47   1.11   1.00   1.11  -3.47  -3.47   0.02  -1.27 
C |    0.29   0.11  -0.05   0.28  -1.26  -0.06   1.42  -2.89  -2.20  -2.89  -2.89  -2.89  -2.89   1.68   1.16   0.20 
G |   -0.25   0.64  -0.05  -0.26   0.95   0.29  -2.20   1.68  -2.89  -2.89  -0.49  -2.89  -2.89  -2.89  -1.12  -0.81 
T |    0.52  -0.06  -0.16  -0.25  -0.41  -2.08  -0.38  -3.47   1.10  -3.47  -3.47  -3.47   1.11  -3.47  -2.08   0.65 
A |   -1.28   0.42  -0.76  -0.13  -0.17   0.17  -1.66  -1.39  -2.37   0.77   0.64   0.90  -0.37   0.66   0.59  -0.29   0.00  -0.37  -0.53  -1.52  -0.04 
C |    1.07  -0.70   0.61   0.33   0.89  -0.18   1.45  -1.79  -2.20  -1.28  -1.79  -1.28  -1.79  -2.20  -0.06   0.15  -0.41   0.97   0.32  -0.59  -0.26 
G |    0.47   0.19   0.05   0.00  -0.18   0.89  -0.58   1.54   1.60   0.11  -0.17  -1.28  -1.28  -0.41  -0.33   0.77   0.51  -0.11   0.88   1.19  -0.96 
T |   -1.17  -0.43   0.03  -0.10  -0.83  -2.37  -1.51  -1.86  -1.66  -1.67  -0.41  -1.07   0.78  -0.29  -0.98  -0.69  -0.21  -0.82  -0.91  -0.29   0.42 
